eval_loss = 0.5942314455042714
eval_accuracy = 0.8992900213966154
global_step = 0
loss = None
