epoch=1
eval_loss = 0.2410049152485332
eval_accuracy = 0.8998735654541918
global_step = 4187
loss = 0.23304240286069097
eval_loss = 0.2410049152485332
eval_accuracy = 0.8998735654541918
global_step = 4187
loss = 0.23304240286069097
