epoch=1
eval_loss = 0.24397979105203788
eval_accuracy = 0.9057090060299553
global_step = 8374
loss = 0.2151449564782089
epoch=2
eval_loss = 0.35915742192116584
eval_accuracy = 0.9043960319004085
global_step = 16748
loss = 0.0819237110975054
epoch=3
eval_loss = 0.5322641697336242
eval_accuracy = 0.9047364326006614
global_step = 25122
loss = 0.016338098196660183
eval_loss = 0.5322641697336242
eval_accuracy = 0.9047364326006614
global_step = 25122
loss = 0.016338098196660183
