epoch=1
eval_loss = 0.2521609045819651
eval_accuracy = 0.9038124878428321
global_step = 8374
loss = 0.21301823026243288
epoch=2
eval_loss = 0.361914277660967
eval_accuracy = 0.9028399144135382
global_step = 16748
loss = 0.07661973625111343
epoch=3
eval_loss = 0.5620269517092322
eval_accuracy = 0.9032775724567205
global_step = 25122
loss = 0.013230607697236055
eval_loss = 0.5620269517092322
eval_accuracy = 0.9032775724567205
global_step = 25122
loss = 0.013230607697236055
