epoch=1
eval_loss = 0.25522554103539596
eval_accuracy = 0.9060007780587435
global_step = 7633
loss = 0.2020392889315798
eval_loss = 0.25522554103539596
eval_accuracy = 0.9060007780587435
global_step = 7633
loss = 0.2020392889315798
