epoch=1
eval_loss = 0.2387567703953441
eval_accuracy = 0.904152888543085
global_step = 4187
loss = 0.24637245814175177
epoch=2
eval_loss = 0.2485282708491598
eval_accuracy = 0.9074596382026843
global_step = 8374
loss = 0.1294639286299772
epoch=3
eval_loss = 0.3327691104748975
eval_accuracy = 0.9058548920443493
global_step = 12561
loss = 0.06257317192883192
eval_loss = 0.3327691104748975
eval_accuracy = 0.9058548920443493
global_step = 12561
loss = 0.06257317192883192
