epoch=1
eval_loss = 0.23648866427981335
eval_accuracy = 0.9078000389029371
global_step = 8374
loss = 0.2144447679800238
epoch=2
eval_loss = 0.36763025054372617
eval_accuracy = 0.9067788368021785
global_step = 16748
loss = 0.07338922716509141
epoch=3
eval_loss = 0.5664223909192945
eval_accuracy = 0.906876094145108
global_step = 25122
loss = 0.011639909834727125
eval_loss = 0.5664223909192945
eval_accuracy = 0.906876094145108
global_step = 25122
loss = 0.011639909834727125
