eval_loss = 0.44701856791232686
eval_accuracy = 0.9023049990274266
global_step = 0
loss = None
eval_loss = 0.44701376640648577
eval_accuracy = 0.9023049990274266
global_step = 0
loss = None
