eval_loss = 0.2805003247322133
eval_accuracy = 0.9038124878428321
global_step = 0
loss = None
